1 1 41
1 2 85
1 3 72
2 1 38
2 2 80
2 3 69
3 1 65
3 2 68
3 3 96
4 1 22
4 2 49
4 3 67
5 1 51
5 2 61
5 3 63
6 1 87
6 2 66
6 3 24
7 1 80
7 2 83
7 3 71
8 1 60
8 2 64
8 3 52
9 1 90
9 2 60
9 3 49
10 1 31
10 2 23
10 3 99
11 1 94
11 2 11
11 3 25
12 1 24
12 2 51
12 3 15
13 1 13
13 2 39
13 3 67
14 1 97
14 2 19
14 3 76
15 1 12
15 2 33
15 3 99
16 1 18
16 2 92
16 3 35
17 1 74
17 2 0
17 3 95
18 1 71
18 2 39
18 3 33
19 1 39
19 2 32
19 3 37
20 1 45
20 2 57
20 3 71
21 1 95
21 2 5
21 3 71
22 1 24
22 2 86
22 3 8
23 1 51
23 2 54
23 3 74
24 1 24
24 2 75
24 3 70
25 1 33
25 2 63
25 3 29
26 1 99
26 2 58
26 3 94
27 1 52
27 2 13
27 3 35
28 1 99
28 2 46
28 3 57
29 1 71
29 2 23
29 3 17
